00 10 10 21 22 22 32 33
00 01 11 11 12 23 23 33

0  0.0			0
1  0.42857142857142855	0.5
2  0.8571428571428571	0.75
3  1.2857142857142856	1.25
4  1.7142857142857142	1.75
5  2.142857142857143	2.25
6  2.571428571428571	2.5
7  3.0			3

0   0
1   0.25
2   0.75
3   1.25
4   1.75
5   2.25
6   2.75
7   3.25
8   3.5
9   4.0
10  4.5
11  5.0
12  5.5
13  6.0
14  6.5
15  7.0


0 2 5 7

 0  a:r0
 1  a:r1
 2  a:r2
 3  a:g0
 4  a:g1
 5  a:g2
 6  a:b1
 7  a:b2
 8  b:r0
 9  b:r1
10  b:r2
11  b:g0
12  b:g1
13  b:g2
14  b:b1
15  b:b2

The most awkward plan possible:
-------------------------------

 0  a:r0	 0  a:r0
 1  a:r1	 1  a:r1
 2  a:r2	 2  a:r2
 3  a:g0	 3  a:g0
 4  a:g1	 4  a:g1
 5  a:g2	 5  a:g2
 6  b:r0	 6  b:r0
 7  b:r1	 7  b:r1
 8  b:r2	 8  b:r2
 9  b:g0	 9  b:g0
10  b:g1	10  b:g1
11  b:g2	11  b:g2
12  ab:b0	12  ab:lut
13  ab:b1	13  ab:lut
14  ab:b2	14  ab:lut
15  0		15  1

ab:lut:
0  0 7
1  0 3
2  2 5
3  4 7
4  7 0
5  3 0
6  5 2
7  7 4
