000000000000000000000000000000000000000000000
000000000000100000000010000100001000010000100
000000000000000000000000000000010100101001010
000000000011111000100001000111000101001001100
000000000001110101011010001110001011010101110
000000000011000110010001000100010001001100011
000000000010110010011010100010001010010100010
000000000000000000000000000000001000010000100
000000000001000001000001000010000100010001000
000000000000010001000100001000010000010000010
000000000000100101010111000100011101010100100
000000000000000001000010011111001000010000000
000000000000010001000010000000000000000000000
000000000000000000000000000000011100000000000
000000000000100000000000000000000000000000000
000000000000000000010001000100010001000000000
000000000000100010101000110001100010101000100
000000000001110001000010000100001000011000100
000000000011111000010001001100100001000101110
000000000001110100011000001100010001000011111
000000000001000010001111101001010100110001000
000000000001110100011000010000011110000111111
000000000001110100011000101111000010001001100
000000000000010000100001000100010001000011111
000000000001110100011000101110100011000101110
000000000000110010001000011110100011000101110
000000000000000001000000000000001000000000000
000000000000010001000010000000001000000000000
000000000001000001000001000001000100010001000
000000000000000000001111100000111110000000000
000000000000010001000100010000010000010000010
000000000000100000000010000100010001000101110
000000000011110000011110110101111011000101110
000000000010001100011111110001100010101000100
000000000001111100011000101111100011000101111
000000000001110100010000100001000011000101110
000000000001111100011000110001100011000101111
000000000011111000010000101111000010000111111
000000000000001000010000101111000010000111111
000000000011110100011100100001000011000101110
000000000010001100011000111111100011000110001
000000000001110001000010000100001000010001110
000000000001110100011000010000100001000010000
000000000010001010010010100011001010100110001
000000000011111000010000100001000010000100001
000000000010001100011000110001101011101110001
000000000010001100011100110101100111000110001
000000000001110100011000110001100011000101110
000000000000001000010000101111100011000101111
000000000010110010011010110001100011000101110
000000000010001010010010101111100011000101111
000000000001110100011000001110000011000101110
000000000000100001000010000100001000010011111
000000000001110100011000110001100011000110001
000000000000100001000101001010100011000110001
000000000001010101011010110101100011000110001
000000000010001100010101000100010101000110001
000000000000100001000010000100010101000110001
000000000011111000010001000100010001000011111
000000000000000001000001011111000100010000000
000001110000100010001000001101000010000100001
000000000000000001000100011111010000010000000
000000000000000001000010010101011100010000000
000000000001010010101111101010111110101001010
000000000000000000001111100000000000000000000
000000000011110100011111010000011100000000000
000000000001111100011000110001011110000100001
000000000011110000010000100001111100000000000
000000000011110100011000110001111101000010000
000000000001110000011111110001011100000000000
000000000000100001000010001110001000010001000
011101000011110100011000110001111100000000000
000000000010001100011000110001011110000100001
000000000001110001000010000100001100000000100
000000001000100001000010000100001000000000100
000000000010010010100011001010100100001000010
000000000001110001000010000100001000010000110
000000000010101101011010110101010110000000000
000000000010001100011000110001011110000000000
000000000001110100011000110001011100000000000
000010000101111100011000110001011110000000000
100001000011110100011000110001111100000000000
000000000000010000100001000110110100000000000
000000000001111100000111000001111100000000000
000000000001000001000010000100011100010000100
000000000011110100011000110001100010000000000
000000000000100010100101010001100010000000000
000000000001010101011010110001100010000000000
000000000010001010100010001010100010000000000
011101000011110100011000110001100010000000000
000000000011111000100010001000111110000000000
000001000011100101001100010010000100001000010
000000000001010010100101001010010100101001010
100001110010100110001001100100000110010000011
000000000000000001000000011111000000010000000
000000000011111111111111111111111111111111111
